0001  58.63636363636363
0002  57.53333333333334
0003  63.55835240274601
0004  52.01103057043807
0005  66.57156048014765
0006  67.28260869565217
0007  62.0
0008  54.85342388228637
0009  51.71265189421013
0010  57.45098039215693
0011  62.0
0012  51.172839506172856
0013  63.55835240274601
0014  62.85852713178293
0015  58.63636363636363
0016  52.66776348589084
0017  54.85342388228637
0018  51.384615384615344
0019  62.0
0020  55.545374059318355
0021  63.06889763779529
0022  55.19474815437803
0023  52.06609017912288
0024  62.0
0025  52.121212121212075
0026  52.539178314273585
0027  69.30326543808599
0028  61.785871964679885
0029  62.0
0030  62.85852713178293
0031  52.121212121212075
0032  57.45098039215693
0033  52.121212121212075
0034  65.70921985815603
0035  61.35294117647064
0036  62.46270928462709
0037  51.956521739130444
0038  62.14430563099765
0039  62.85852713178293
0040  51.586666666666645
0041  52.07607994842033
0042  54.85342388228637
0043  52.121212121212075
0044  61.570175438596564
0045  55.19474815437803
0046  51.71265189421013
0047  62.0
0048  57.325123152709374
0049  61.05501618122975
0050  56.7263969171484
