0001 50.0
0002 50.0
0003 50.0
0004 50.0
0005 50.0
0006 50.0
0007 50.0
0008 50.0
0009 50.0
0010 50.0
0011 50.0
0012 50.0
0013 50.0
0014 50.0
0015 50.0
0016 50.0
0017 50.0
0018 50.0
0019 50.0
0020 50.0
0021 50.0
0022 50.0
0023 50.0
0024 50.0
0025 50.0
0026 50.0
0027 50.0
0028 50.0
0029 50.0
0030 50.0
0031 50.0
0032 50.0
0033 50.0
0034 50.0
0035 50.0
0036 50.0
0037 50.0
0038 50.0
0039 50.0
0040 50.0
0041 50.0
0042 50.0
0043 50.0
0044 50.0
0045 50.0
0046 50.0
0047 50.0
0048 50.0
0049 50.0
0050 50.0
