0001  58.63636363636363
0002  50.497222222222184
0003  63.55835240274601
0004  52.01103057043807
0005  66.57156048014765
0006  67.28260869565217
0007  62.0
0008  54.85342388228637
0009  51.71265189421013
0010  57.45098039215693
0011  62.0
0012  42.54901960784315
0013  63.55835240274601
0014  62.85852713178293
0015  58.63636363636363
0016  52.66776348589084
0017  54.85342388228637
0018  51.384615384615344
0019  62.0
0020  46.82183908045982
0021  63.06889763779529
0022  43.099593901870726
0023  49.056175729204135
0024  62.0
0025  40.27848101265818
0026  52.539178314273585
0027  69.30326543808599
0028  61.785871964679885
0029  62.0
0030  62.85852713178293
0031  51.66586646661661
0032  57.45098039215693
0033  49.46741765293024
0034  65.70921985815603
0035  61.35294117647064
0036  62.46270928462709
0037  51.956521739130444
0038  62.14430563099765
0039  62.85852713178293
0040  49.06400575332611
0041  43.412392338346805
0042  54.85342388228637
0043  46.24183006535944
0044  61.570175438596564
0045  54.2570590392372
0046  46.11295965171422
0047  62.0
0048  51.77323876423654
0049  57.70100189547788
0050  56.7263969171484
